312 272 350 286 268 328 298 356 292 308 296 372 396 402 280 330 254 282 350 328 332 308 292 258 340 242 306 328 294 272
354 346 384 342 302 312 322 376 306 402 320 298 308 414 304 422 388 422 426 338 332 426 478 372 392 374 430 388 354 368
256 284 320 274 324 268 370 430 314 312 362 256 342 388 302 366 298 396 274 226 328 274 258 220 236 272 322 284 274 356
260 294 306 292 264 290 272 268 344 362 330 280 354 320 334 276 418 288 338 350 350 324 286 322 280 256 218 256 220 356
204 272 250 260 314 308 246 236 208 268 272 264 308 236 238 350 272 252 252 236 306 238 350 206 260 280 274 318 268 210
590 312 286 310 778 364 318 316 316 298 344 262 274 330 312 310 376 326 346 334 282 292 282 300 290 302 300 306 294 444
308 364 374 278 366 310 358 380 294 334 302 250 542 340 352 322 372 348 460 322 374 370 334 360 318 356 338 346 462 510
244 240 278 262 266 254 240 244 226 266 294 250 284 260 418 280 294 216 308 324 264 232 294 236 226 234 274 258 208 380
232 262 230 222 210 284 232 228 264 246 264 316 260 266 304 268 384 234 308 266 294 254 222 262 278 290 208 232 206 206
318 324 282 364 286 342 306 302 280 306 256 334 332 336 360 344 480 310 336 314 392 284 292 280 320 322 286 406 352 324
240 292 350 254 396 430 260 320 298 312 290 248 276 364 318 434 400 382 318 298 298 248 250 234 280 306 282 234 424 244